0.000000000000000000e+00
6.842105263157894690e+00
1.368421052631578938e+01
2.052631578947368496e+01
2.736842105263157876e+01
3.421052631578947256e+01
4.105263157894736992e+01
4.789473684210526017e+01
5.473684210526315752e+01
6.157894736842105488e+01
6.842105263157894512e+01
7.526315789473683537e+01
8.210526315789473983e+01
8.894736842105263008e+01
9.578947368421052033e+01
1.026315789473684248e+02
1.094736842105263150e+02
1.163157894736842053e+02
1.231578947368421098e+02
1.300000000000000000e+02
